32 7 17 4 6 21
26 5 14 4 9 14
40 8 15 3 4 21
37 8 17 3 6 20
35 9 16 4 5 23
38 8 24 3 6 20
38 8 15 6 8 24
31 7 15 3 4 20
39 10 17 7 7 28
39 13 26 1 2 29
35 5 13 4 6 16
35 8 19 6 8 26
35 9 14 3 4 21
44 10 20 8 10 31
29 10 14 3 5 27
36 6 16 3 6 17
40 5 13 7 8 18
37 9 16 8 13 29
26 12 23 3 3 27
42 15 35 3 11 37
36 15 25 8 11 42
39 6 14 6 10 19
28 7 17 3 5 18
25 12 21 1 3 28
34 12 26 5 6 31
31 6 16 6 7 18
30 8 16 4 5 22
39 10 21 5 8 25
28 8 14 6 7 23
36 6 17 5 6 18
40 14 25 5 8 36
33 7 16 4 6 19
36 11 24 10 11 32
39 11 25 10 13 34
27 9 15 5 6 25
36 8 16 10 14 26
36 12 23 2 3 26
42 11 23 7 12 32
38 12 23 8 13 36
37 11 18 8 13 33
32 5 19 5 5 17
37 10 20 9 11 29
40 9 16 10 18 30
35 8 16 4 5 24
38 9 15 4 6 25
40 7 18 6 8 22
29 8 16 5 7 21
40 11 19 3 4 27
38 17 24 5 8 41
42 12 21 9 9 35
34 8 17 1 2 18
42 9 18 4 6 24
40 7 17 4 7 19
41 6 15 14 21 26
32 9 18 1 2 19
36 7 14 14 17 29
31 9 17 9 11 29
37 6 12 2 3 15
39 8 21 4 7 22
34 6 17 1 1 15
41 8 18 5 7 22
29 13 20 2 4 32
41 16 27 6 9 41
40 9 17 13 17 32
40 8 18 5 6 22
42 8 18 12 12 31
35 4 12 1 1 11
42 14 30 7 9 36
43 5 15 6 7 17
