32 13 16 5 5 34
39 13 17 3 4 33
28 7 9 2 2 17
41 14 22 3 3 31
44 12 26 4 5 29
31 8 11 8 10 24
36 10 21 5 6 27
35 13 16 3 4 30
37 9 22 7 10 26
33 12 19 8 11 33
27 13 20 0 0 26
36 6 15 6 6 18
37 10 20 1 2 23
31 9 15 6 7 27
35 9 18 5 8 24
37 8 19 8 9 25
38 11 19 4 5 28
36 11 20 5 9 28
30 7 18 4 4 19
37 14 22 3 5 33
40 9 18 5 9 25
30 8 13 5 8 23
37 5 18 2 2 12
37 11 22 1 1 25
35 11 19 3 3 25
37 12 22 2 5 29
31 8 16 4 5 21
37 11 20 3 3 27
38 9 23 12 17 30
39 10 21 3 5 23
44 9 22 6 10 24
34 10 17 9 11 29
36 7 16 6 7 20
31 7 8 7 7 21
38 11 15 2 3 25
40 11 27 4 7 26
35 9 17 3 5 22
29 7 12 2 4 17
33 7 16 2 2 16
36 7 14 4 6 19
37 9 17 3 4 22
42 9 17 6 8 27
37 15 22 4 6 37
32 5 12 3 4 13
40 12 22 6 8 34
31 7 11 5 8 20
29 11 18 3 4 29
34 13 24 7 8 34
35 4 10 5 9 14
26 4 13 4 5 12
39 10 26 4 9 25
38 9 22 6 7 24
25 10 17 3 4 23
40 12 27 7 8 33
36 10 20 4 4 24
29 10 15 5 8 25
40 14 24 4 4 33
45 13 29 10 11 37
37 8 20 8 8 24
36 10 22 5 6 26
38 8 20 7 9 25
40 6 16 11 12 24
35 7 14 1 5 15
33 8 15 2 2 19
35 9 13 8 9 27
40 11 21 4 5 30
45 13 27 6 12 37
39 12 21 7 10 31
38 11 19 8 12 31
35 10 23 9 14 29
36 12 22 4 6 31
35 9 23 4 7 23
33 9 19 4 4 22
34 13 19 3 5 29
31 4 13 4 8 12
36 12 22 0 3 25
